


                                                                  67
                                                            61        
                                                          59        
                                                    53                
                                              47                     
                                          43                        
                                        41                           
                                    37                              
                              31                             31    
                            29                           29        
                      23                     23                   
                  19                 19                 19         
                17               17               17               17
            13           13           13           13           13
          11         11         11         11         11         11
      7      7      7      7      7      7      7      7      7      7
    5    5    5    5    5    5    5    5    5    5    5    5    5    5
  3  3  3  3  3  3  3  3  3  3  3  3  3  3  3  3  3  3  3  3  3  3  3 
 2 2 2 2 2 2 2 2 2 2 2 2 2 2 2 2 2 2 2 2 2 2 2 2 2 2 2 2 2 2 2 2 2 2 2
 pp p  p   p p   p p   p     p p     p   p p   p     p     p p     p   
----------------------------------------------------------------------
         1111111111222222222233333333334444444444555555555566666666667
1234567890123456789012345678901234567890123456789012345678901234567890

